140.13356978 
139.81134955 
140.19058120 
139.86570633 
139.92910925 
139.93849460 
140.00840544 
139.95933017 
139.82630198 
140.05131061 
139.99384184 
140.11340342 
140.15254695 
140.14024996 
140.41420802 
140.80468726 
140.91487629 
141.05955294 
141.49414334 
141.99564720 
142.28324319 
142.58556596 
143.33791353 
143.90767911 
144.52184003 
145.20151718 
146.04936940 
147.12001371 
148.01954001 
148.98611006 
150.06043095 
151.36472194 
152.67104360 
154.06343275 
155.56660357 
157.07168664 
158.82048848 
160.65421220 
162.49222240 
164.61657251 
